KORAD-KEL103 V3.30 SN:00022890

current (A),state,power (W),time (s),voltage (V)
0.0,3.1083,0.10214638710021973,charging
0.0,3.8211,charging,0.40385007858276367
0.7053122520446777,0.0,3.8231,charging
0.0,3.8259,charging,1.006971836090088
0.0,3.8272,charging,1.3087143898010254
0.0,3.8294,charging,1.6109821796417236
0.0,3.8305,charging,1.9134860038757324
0.0,2.2153372764587402,3.8325,charging
0.0,3.8335,charging,2.5169458389282227
0.0,2.8186607360839844,3.8355,charging
0.0,3.1210670471191406,3.8364,charging
0.0,3.838,charging,3.4241909980773926
0.0,3.725921392440796,3.8388,charging
0.0,3.8402,4.027956962585449,charging
0.0,3.841,charging,4.330259561538696
0.0,4.631757974624634,3.8424,charging
0.0,4.933410167694092,3.8431,charging
5.235114574432373,0.0,3.8446,charging
0.0,3.8452,charging,5.5368332862854
5.8384833335876465,0.0,3.8466,charging
0.0,6.139989852905273,3.8474,charging
0.0,6.441579580307007,3.8486,charging
6.743302822113037,0.0,3.8494,charging
0.0,3.8507,charging,7.044982194900513
0.0,3.8513,7.349208831787109,charging
0.0,3.8525,charging,7.651402235031128
0.0,3.8532,charging,7.953287363052368
0.0,3.8544,charging,8.257219791412354
0.0,3.855,8.558992147445679,charging
0.0,8.864184141159058,charging,3.8564
0.0,9.16618537902832,3.8571,charging
0.0,3.8582,charging,9.467713594436646
0.0,3.8588,9.76919412612915,charging
0.0,3.8599,10.070791244506836,charging
0.0,10.373188495635986,3.8611,charging
0.0,3.8619,charging,10.675082206726074
0.0,10.97697138786316,3.8632,charging
0.0,11.278894662857056,charging,3.8638
0.0,3.8647,11.580323696136475,charging
0.0,3.8654,11.881803274154663,charging
12.18331789970398,0.0,3.8665,charging
0.0,3.8669,charging,12.484802484512329
0.0,3.8744,12.786325216293335,charging
0.0,3.8741,charging,13.088070154190063
13.389897584915161,0.0,3.8735,charging
13.691360235214233,0.0,3.8741,charging
0.0,13.99281620979309,3.8765,charging
0.0,14.296147346496582,3.8768,charging
0.0,14.599467515945435,3.8777,charging
0.0,14.900941848754883,charging,3.8788
0.0,15.202537298202515,3.8772,charging
0.0,15.504039287567139,charging,3.8776
0.0,3.8782,charging,15.805617094039917
16.10734462738037,0.0,3.8783,charging
0.0,3.879,charging,16.409465551376343
0.0,3.8794,charging,16.711620330810547
0.0,3.8804,charging,17.013281106948853
0.0,3.8808,charging,17.315003871917725
0.0,3.8818,charging,17.616450786590576
0.0,17.91790533065796,3.8822,charging
0.0,3.8832,charging,18.21942901611328
18.5213623046875,0.0,3.8837,charging
0.0,18.822832822799683,3.8846,charging
0.0,19.124368906021118,3.8851,charging
0.0,19.428155660629272,3.8858,charging
0.0,19.72963261604309,3.8863,charging
0.0,20.03113102912903,3.8872,charging
0.0,3.8877,charging,20.333479166030884
0.0,3.8885,charging,20.63491678237915
0.0,3.889,charging,20.93631935119629
0.0,3.8898,21.237749099731445,charging
0.0,3.8902,charging,21.53952169418335
21.841063499450684,0.0,3.891,charging
0.0,22.142503261566162,3.8915,charging
0.0,3.8924,charging,22.444339275360107
0.0,22.74603033065796,charging,3.8929
0.0,3.8937,charging,23.04742121696472
0.0,3.8941,charging,23.34900212287903
23.65047860145569,0.0,3.8949,charging
0.0,3.8954,charging,23.952428579330444
0.0,3.8963,charging,24.254085302352905
0.0,3.8968,charging,24.555973768234253
0.0,3.8977,charging,24.857548236846924
0.0,25.15902829170227,3.8982,charging
0.0,3.899,charging,25.461241960525513
0.0,3.8994,charging,25.76296901702881
0.0,26.06490421295166,charging,3.9002
0.0,26.367388248443604,charging,3.9005
0.0,3.9015,charging,26.66901183128357
0.0,26.970559120178223,charging,3.9021
0.0,27.272441864013672,3.9026,charging
0.0,3.9034,charging,27.57396173477173
0.0,27.875420808792114,3.9038,charging
0.0,28.17693591117859,3.9046,charging
28.47864031791687,0.0,3.9051,charging
0.0,3.9059,charging,28.78009295463562
0.0,29.081661462783813,charging,3.9063
29.383591175079346,0.0,3.9071,charging
0.0,3.9076,charging,29.685879230499268
0.0,29.987705945968628,3.9084,charging
0.0,3.9088,30.28933024406433,charging
0.0,30.59116291999817,3.9096,charging
0.0,3.9099,30.892815589904785,charging
0.0,31.19441246986389,3.9107,charging
0.0,31.497990369796753,3.9112,charging
31.79946732521057,0.0,3.912,charging
0.0,32.100873708724976,charging,3.9124
32.40352153778076,0.0,3.9135,charging
32.70508646965027,0.0,3.914,charging
0.0,3.9148,charging,33.00655913352966
0.0,3.9152,charging,33.310378074645996
0.0,3.916,charging,33.61211109161377
0.0,3.9167,charging,33.913485050201416
0.0,3.9174,charging,34.215067625045776
0.0,3.9177,34.51692342758179,charging
34.81841158866882,0.0,3.9185,charging
0.0,3.9188,charging,35.12004017829895
0.0,3.9195,35.42206406593323,charging
0.0,3.9196,35.72350740432739,charging
0.0,36.02497982978821,3.9202,charging
0.0,3.9206,36.32672929763794,charging
36.62890434265137,0.0,3.9212,charging
36.930370807647705,0.0,3.9215,charging
0.0,37.23195195198059,3.9221,charging
0.0,3.9226,37.53348231315613,charging
0.0,37.835065603256226,3.9234,charging
0.0,3.9237,charging,38.136621952056885
0.0,38.438175439834595,charging,3.9245
0.0,3.9249,charging,38.73991632461548
0.0,3.9257,39.041563749313354,charging
0.0,39.34320950508118,3.926,charging
0.0,3.9268,39.645522356033325,charging
0.0,3.9273,39.94698405265808,charging
0.0,3.9281,charging,40.24910497665405
0.0,40.55142331123352,3.9285,charging
0.0,40.8529109954834,3.9293,charging
0.0,3.9296,41.154415130615234,charging
0.0,3.9303,41.45635747909546,charging
0.0,41.75791525840759,3.9306,charging
0.0,3.9312,42.05948305130005,charging
0.0,42.360971212387085,3.9315,charging
0.0,3.9321,charging,42.66600847244263
0.0,42.96793293952942,charging,3.9323
0.0,43.26947021484375,3.9329,charging
0.0,3.9337,charging,43.57301187515259
0.0,43.874552488327026,3.934,charging
0.0,3.9346,charging,44.176581621170044
0.0,44.47898030281067,3.9351,charging
44.78050136566162,0.0,3.9357,charging
0.0,3.936,45.082040786743164,charging
0.0,3.9367,charging,45.384164571762085
0.0,3.937,charging,45.685953855514526
0.0,45.9874062538147,3.9376,charging
46.28893327713013,0.0,3.9379,charging
0.0,3.9384,46.59152936935425,charging
46.89319133758545,0.0,3.9387,charging
0.0,3.939,charging,47.19500660896301
0.0,3.9393,charging,47.49680685997009
47.79817008972168,0.0,3.94,charging
0.0,3.9403,48.09959959983826,charging
0.0,48.40119552612305,3.9409,charging
0.0,3.9412,charging,48.70302200317383
0.0,49.00467538833618,3.9418,charging
0.0,3.9421,charging,49.306087493896484
0.0,3.9429,charging,49.60780334472656
49.90940070152283,0.0,3.9432,charging
0.0,3.9439,50.21138143539429,charging
0.0,50.51315474510193,3.9442,charging
0.0,50.814767599105835,3.9448,charging
0.0,51.116496324539185,3.9451,charging
0.0,51.41817569732666,3.9457,charging
0.0,51.72021198272705,3.9461,charging
0.0,52.02197194099426,3.9467,charging
0.0,3.9468,52.32369256019592,charging
0.0,3.9475,charging,52.62600827217102
52.92767333984375,0.0,3.9478,charging
0.0,3.9482,53.229103088378906,charging
0.0,3.9484,53.53070259094238,charging
0.0,3.9489,charging,53.83229207992554
0.0,3.9492,charging,54.134326457977295
0.0,54.43704342842102,3.9496,charging
0.0,3.95,charging,54.738537549972534
0.0,3.9504,charging,55.04080581665039
0.0,55.34260416030884,3.9507,charging
0.0,55.6442174911499,3.9512,charging
0.0,55.945592403411865,3.9515,charging
0.0,3.9522,charging,56.247018814086914
0.0,56.5491087436676,3.9523,charging
0.0,3.9529,charging,56.85052800178528
0.0,57.152291774749756,charging,3.9532
0.0,3.9539,charging,57.45395612716675
0.0,3.9542,charging,57.755813121795654
0.0,3.9547,charging,58.05757975578308
0.0,3.955,charging,58.359556436538696
58.661120891571045,0.0,3.9556,charging
0.0,3.9557,58.96256422996521,charging
0.0,3.9562,59.26400947570801,charging
0.0,59.565815448760986,charging,3.9565
0.0,59.867398500442505,3.9572,charging
0.0,60.16907858848572,3.9576,charging
0.0,3.9579,charging,60.47084021568298
0.0,60.7724494934082,charging,3.9586
0.0,3.9589,charging,61.074089765548706
0.0,61.37558627128601,3.9593,charging
0.0,61.67745804786682,3.9597,charging
0.0,61.9791374206543,3.9601,charging
0.0,3.9604,62.28058362007141,charging
0.0,3.9609,charging,62.58257222175598
0.0,3.9612,charging,62.88410425186157
0.0,63.18548226356506,3.9617,charging
0.0,3.962,63.487043142318726,charging
0.0,3.9626,charging,63.7888925075531
0.0,3.9628,charging,64.09041404724121
0.0,3.9634,charging,64.39248180389404
0.0,64.69521307945251,3.9637,charging
0.0,3.9642,charging,64.99666428565979
0.0,3.9645,charging,65.29915404319763
65.6018488407135,0.0,3.965,charging
0.0,3.9653,charging,65.90350604057312
0.0,3.9658,charging,66.2054648399353
0.0,3.9661,66.50726056098938,charging
0.0,3.9665,charging,66.80871605873108
0.0,67.11046862602234,3.9669,charging
0.0,67.41186547279358,3.9673,charging
0.0,67.71371984481812,3.9676,charging
0.0,3.9681,charging,68.01519846916199
0.0,3.9684,68.31663417816162,charging
0.0,3.9689,68.61892104148865,charging
0.0,68.92052602767944,charging,3.9692
0.0,3.9697,69.22218441963196,charging
0.0,3.97,charging,69.52391719818115
69.82583999633789,0.0,3.9704,charging
0.0,3.9706,70.12757849693298,charging
0.0,70.42911577224731,3.9711,charging
70.73066759109497,0.0,3.9714,charging
0.0,71.03214001655579,charging,3.9719
0.0,3.9722,charging,71.33360075950623
0.0,3.9726,71.63535022735596,charging
0.0,71.93730926513672,3.9729,charging
0.0,72.239182472229,charging,3.9734
0.0,3.9736,charging,72.54118824005127
0.0,3.974,charging,72.84330868721008
0.0,3.9744,charging,73.14478993415833
0.0,3.9748,charging,73.44622778892517
0.0,73.74769330024719,3.9751,charging
0.0,3.9756,charging,74.04911661148071
0.0,74.35045289993286,charging,3.9759
0.0,3.9764,charging,74.65197706222534
0.0,74.95339608192444,3.9767,charging
0.0,3.9772,charging,75.25495934486389
0.0,75.55652284622192,3.9773,charging
0.0,75.858731508255,3.9778,charging
0.0,3.978,charging,76.16038346290588
0.0,76.46184134483337,charging,3.9784
0.0,3.9787,charging,76.76372933387756
0.0,3.979,charging,77.06521606445312
0.0,77.36667037010193,charging,3.9794
0.0,3.9797,charging,77.66859841346741
0.0,3.9801,charging,77.97029733657837
0.0,3.9803,charging,78.27199506759644
78.57347846031189,0.0,3.9808,charging
0.0,78.8752989768982,charging,3.9811
79.17690873146057,0.0,3.9814,charging
79.4783079624176,0.0,3.9817,charging
0.0,79.7798523902893,3.9822,charging
80.08169746398926,0.0,3.9823,charging
0.0,80.38315272331238,3.9828,charging
0.0,80.68532466888428,3.9831,charging
0.0,80.98681545257568,3.9834,charging
0.0,81.28845858573914,3.9837,charging
0.0,3.9842,81.58997511863708,charging
81.89171695709229,0.0,3.9844,charging
82.19341611862183,0.0,3.9848,charging
0.0,3.985,82.49489736557007,charging
0.0,3.9855,charging,82.79673218727112
0.0,83.09815573692322,3.9856,charging
0.0,3.9861,83.39988923072815,charging
0.0,3.9862,charging,83.7017731666565
0.0,84.00311279296875,charging,3.9867
0.0,3.9869,charging,84.30445837974548
0.0,84.60603475570679,charging,3.9873
0.0,3.9875,charging,84.9082555770874
0.0,3.988,charging,85.21005940437317
0.0,3.9881,charging,85.51149797439575
0.0,3.9886,charging,85.81460928916931
0.0,3.9887,charging,86.11639499664307
0.0,3.9892,charging,86.41793084144592
0.0,3.9894,86.71980547904968,charging
0.0,3.9898,87.02150464057922,charging
0.0,3.9902,charging,87.3235125541687
0.0,87.62530755996704,charging,3.9905
0.0,3.9908,charging,87.92703223228455
0.0,88.22848963737488,3.9911,charging
88.53080797195435,0.0,3.9914,charging
88.83316802978516,0.0,3.9917,charging
0.0,89.13479900360107,3.992,charging
0.0,3.9961,charging,89.43651223182678
0.0,89.73859858512878,3.9952,charging
0.0,3.9939,charging,90.0401623249054
0.0,3.9939,90.3417637348175,charging
0.0,90.64339566230774,3.9936,charging
0.0,3.9936,charging,90.94595146179199
0.0,91.2479920387268,3.9959,charging
0.0,91.54959988594055,3.9967,charging
0.0,3.9964,charging,91.85140180587769
0.0,92.1528992652893,charging,3.9967
0.0,3.9975,charging,92.45440149307251
0.0,3.9969,charging,92.75718855857849
0.0,3.9983,93.05924677848816,charging
93.36078095436096,0.0,4.0006,charging
0.0,93.66238498687744,4.0,charging
0.0,4.0,charging,93.96388602256775
0.0,4.0025,94.26549339294434,charging
0.0,charging,4.0053,94.5676167011261
0.0,94.87008810043335,4.0044,charging
0.0,95.17171311378479,4.0034,charging
0.0,4.0034,95.47427678108215,charging
0.0,4.0033,charging,95.7761504650116
0.0,96.07783222198486,4.0038,charging
0.0,charging,4.0036,96.37942099571228
96.68114519119263,0.0,4.0038,charging
96.98423409461975,0.0,4.0039,charging
0.0,charging,4.0039,97.28595924377441
0.0,97.58761167526245,4.0042,charging
0.0,97.88964462280273,4.0044,charging
0.0,4.0047,98.19137072563171,charging
98.4932930469513,0.0,4.0049,charging
0.0,98.79508423805237,4.0052,charging
0.0,4.0053,99.0967149734497,charging
0.0,99.39845108985901,4.0056,charging
0.0,99.6999499797821,4.0058,charging
0.0,100.0014636516571,4.0063,charging
0.0,100.30293464660645,4.0064,charging
0.0,100.60442686080933,4.0067,charging
100.90630197525024,0.0,4.0069,charging
101.20810294151306,0.0,4.0072,charging
0.0,101.51034593582153,4.0074,charging
0.0,101.81226229667664,4.0078,charging
0.0,charging,4.008,102.11372375488281
0.0,4.0084,102.41533064842224,charging
0.0,4.0084,charging,102.71689867973328
0.0,103.01904249191284,4.0089,charging
0.0,4.0091,charging,103.32082772254944
0.0,charging,4.0094,103.62236499786377
0.0,charging,4.0097,103.92382502555847
0.0,4.01,charging,104.22553300857544
104.52698421478271,0.0,4.0102,charging
0.0,104.8290741443634,4.0106,charging
0.0,4.0106,charging,105.13105368614197
0.0,charging,4.011,105.43252730369568
0.0,4.0111,105.7342836856842,charging
0.0,106.03599667549133,4.0114,charging
0.0,4.0116,106.33746767044067,charging
0.0,106.6390290260315,4.012,charging
0.0,106.9408757686615,4.0122,charging
0.0,107.24252891540527,4.0125,charging
0.0,4.0128,charging,107.54396319389343
0.0,107.8463454246521,4.0131,charging
108.14789962768555,0.0,4.0135,charging
0.0,108.44939804077148,4.0138,charging
108.75108432769775,0.0,4.0139,charging
0.0,4.0144,109.05306005477905,charging
0.0,4.0144,109.35493421554565,charging
109.65669631958008,0.0,4.0147,charging
0.0,charging,4.0149,109.95910620689392
0.0,110.26071262359619,4.0152,charging
110.56216359138489,0.0,4.0155,charging
0.0,110.86430168151855,4.0158,charging
0.0,111.16593647003174,4.016,charging
0.0,charging,4.0164,111.46760320663452
0.0,4.0167,111.76941347122192,charging
0.0,112.07134747505188,4.0169,charging
0.0,4.0175,charging,112.37314939498901
112.67539072036743,0.0,4.0177,charging
0.0,112.97707533836365,4.0181,charging
0.0,charging,4.0183,113.27857947349548
0.0,113.58006596565247,4.0186,charging
0.0,4.0188,charging,113.88185596466064
0.0,4.0191,charging,114.18328380584717
0.0,114.48483848571777,4.0192,charging
0.0,114.78657293319702,4.0197,charging
0.0,115.08854699134827,4.0199,charging
0.0,115.39109444618225,4.0202,charging
0.0,115.69277596473694,4.0203,charging
0.0,115.99495387077332,4.0208,charging
116.29657745361328,0.0,4.021,charging
0.0,116.60078310966492,4.0213,charging
0.0,116.90331172943115,4.0214,charging
0.0,117.20497369766235,4.0217,charging
0.0,117.50707387924194,4.0219,charging
0.0,117.80886340141296,4.0224,charging
0.0,118.11069321632385,4.0225,charging
0.0,118.41218876838684,4.023,charging
0.0,118.71364879608154,4.0231,charging
0.0,4.0235,119.01723599433899,charging
0.0,119.31860160827637,4.0236,charging
0.0,119.62001204490662,4.0241,charging
0.0,charging,4.0241,119.92185306549072
0.0,120.22333192825317,4.0244,charging
0.0,120.52513527870178,4.0247,charging
0.0,120.82683420181274,4.025,charging
0.0,121.12853670120239,4.0252,charging
0.0,charging,4.0255,121.42995405197144
0.0,121.73150420188904,4.0257,charging
122.03316044807434,0.0,4.026,charging
0.0,charging,4.0261,122.33458971977234
0.0,122.63612031936646,4.0266,charging
122.93789553642273,0.0,4.0267,charging
0.0,123.239497423172,4.0271,charging
0.0,4.0272,charging,123.54111790657043
0.0,123.84261631965637,4.0277,charging
0.0,124.14612984657288,4.0278,charging
0.0,4.0283,124.4476044178009,charging
0.0,124.74937725067139,4.0285,charging
0.0,125.05124855041504,4.0288,charging
0.0,4.0289,125.352694272995,charging
0.0,125.65403842926025,4.0292,charging
0.0,125.95557904243469,4.0294,charging
0.0,4.0297,charging,126.25709438323975
126.55889225006104,0.0,4.0299,charging
0.0,126.86050510406494,4.0302,charging
127.1625542640686,0.0,4.0303,charging
0.0,127.46443510055542,4.0307,charging
127.76609802246094,0.0,4.031,charging
128.0677080154419,0.0,4.0313,charging
0.0,128.36924982070923,4.0316,charging
0.0,128.6707947254181,4.0318,charging
0.0,128.97356963157654,4.0322,charging
129.27527618408203,0.0,4.0324,charging
0.0,4.033,129.57692337036133,charging
129.87906122207642,0.0,3.9678,charging
0.0,3.3372,charging,130.18080282211304
0.0,130.48243832588196,charging,3.3333
0.0,130.78400015830994,charging,3.3319
0.0,discharging,3.3313,131.08632254600525
0.0,131.38865399360657,3.3302,discharging
0.0,discharging,131.6909420490265,3.3297
0.0,discharging,3.3289,131.99245309829712
0.0,discharging,132.2939100265503,3.3285
0.0,3.3277,132.59548211097717,discharging
0.0,discharging,132.89697670936584,3.3274
133.19851350784302,0.0,3.3268,discharging
0.0,2.2539,3.3264,133.50001907348633,discharging
0.8087,2.6579,2.6592,133.80186414718628,discharging
1.36,2.4243,4.0096,134.10630679130554,discharging
2.0004,2.0014,4.0036,134.4078733921051,discharging
1.9997,2.0004,3.9981,134.70941972732544,discharging
1.9976,2.0004,3.9959,135.01087427139282,discharging
1.9964,2.0004,3.9909,135.31251764297485,discharging
1.9939,2.0004,3.9885,135.6146318912506,discharging
discharging,1.9926,2.0004,3.9837,135.9160816669464
1.9906,2.0004,3.9819,136.2177712917328,discharging
1.9893,2.0004,3.9771,136.51936173439026,discharging
1.9872,2.0004,3.9751,136.82100296020508,discharging
1.9862,2.0004,3.9713,discharging,137.12296271324158
1.9843,2.0004,3.9693,discharging,137.424711227417
1.9834,2.0004,3.9659,137.72616624832153,discharging
1.9818,2.0004,3.9643,138.02761721611023,discharging
1.9811,2.0004,3.9609,discharging,138.32900643348694
1.9793,2.0004,3.9593,138.6326334476471,discharging
1.9786,2.0004,3.9563,138.93402075767517,discharging
1.977,2.0004,3.9547,139.23546242713928,discharging
1.9762,2.0004,3.9513,139.53687644004822,discharging
1.9745,2.0004,3.9497,139.83835434913635,discharging
1.9737,2.0004,3.9465,discharging,140.1403477191925
1.9721,2.0004,3.9449,140.44209837913513,discharging
1.9714,2.0004,3.9419,140.7434504032135,discharging
1.9698,2.0004,3.9403,141.0449411869049,discharging
1.969,2.0004,3.9371,141.34643721580505,discharging
1.9674,2.0004,3.9355,141.64828443527222,discharging
1.9667,2.0004,3.9325,discharging,141.94987773895264
1.9651,2.0004,3.9309,142.25145173072815,discharging
1.9643,2.0004,3.9277,142.55304050445557,discharging
1.9628,2.0004,3.9263,142.85461568832397,discharging
1.9621,2.0004,3.9233,143.15659976005554,discharging
1.9607,2.0004,3.9221,143.45830512046814,discharging
1.9599,2.0004,3.9193,143.7602105140686,discharging
1.9585,2.0004,3.9177,144.06167101860046,discharging
1.9579,2.0004,3.9149,144.36310458183289,discharging
1.9565,2.0004,3.9137,discharging,144.66470170021057
1.9557,2.0004,3.9109,144.96640253067017,discharging
1.9543,2.0004,3.9093,discharging,145.26797723770142
1.9529,145.56990694999695,3.9065,2.0004,discharging
145.87158107757568,2.0004,3.9041,1.9523,discharging
1.9509,2.0004,3.9025,146.17312169075012,discharging
1.9502,2.0004,3.8999,146.47501611709595,discharging
1.949,2.0004,3.8987,146.77664256095886,discharging
