KORAD-KEL103 V3.30 SN:00022890

power (W),state,voltage (V),current (A),time (s)
0.0,3.2422,0.10157084465026855,charging
1.4036986827850342,0.0,3.96,charging
2.7068095207214355,0.0,3.965,charging
0.0,4.0084803104400635,3.9698,charging
0.0,3.9734,5.310553312301636,charging
0.0,3.9773,charging,6.612668752670288
0.0,3.9805,charging,7.91550350189209
0.0,9.217490434646606,3.9837,charging
0.0,10.519165992736816,3.9867,charging
11.821107864379883,0.0,3.9898,charging
13.123836278915405,0.0,3.9922,charging
0.0,3.9947,charging,14.425739049911499
0.0,3.9969,charging,15.729159832000732
0.0,3.9992,charging,17.034746170043945
0.0,18.336528301239014,4.0011,charging
0.0,19.638668537139893,4.0038,charging
0.0,20.940250635147095,4.0058,charging
0.0,22.242125988006592,4.0081,charging
0.0,23.54440474510193,4.0099,charging
0.0,4.0119,charging,24.846070528030396
26.149236917495728,0.0,4.0138,charging
0.0,27.451506853103638,4.0155,charging
0.0,28.75311279296875,4.0171,charging
0.0,4.0191,charging,30.05492639541626
31.35667848587036,0.0,4.0211,charging
0.0,32.658703327178955,4.0233,charging
0.0,4.0252,33.960663080215454,charging
35.26229786872864,0.0,4.0271,charging
0.0,36.56419849395752,4.0286,charging
0.0,4.0303,37.865973472595215,charging
39.16792106628418,0.0,4.0318,charging
0.0,charging,4.0336,40.46989369392395
0.0,charging,4.0352,41.771894454956055
0.0,4.0369,charging,43.07400155067444
0.0,charging,4.0383,44.375730752944946
45.678078174591064,0.0,4.0402,charging
0.0,4.0416,charging,46.979944705963135
48.282554626464844,0.0,4.043,charging
0.0,charging,4.0443,49.58453559875488
50.88627362251282,0.0,4.046,charging
0.0,52.1879563331604,4.0471,charging
0.0,4.0485,53.489508867263794,charging
0.0,charging,4.0497,54.7913818359375
0.0,56.093087911605835,4.051,charging
57.39529895782471,0.0,4.0522,charging
0.0,58.69723415374756,4.0533,charging
0.0,4.0536,charging,59.99893260002136
61.30109143257141,0.0,4.054,charging
0.0,charging,4.0543,62.602744817733765
0.0,63.90519881248474,4.0544,charging
0.0,65.20923590660095,4.0547,charging
66.51140475273132,0.0,4.0551,charging
67.8130214214325,0.0,4.0554,charging
0.0,69.11485838890076,4.0557,charging
0.0,4.056,charging,70.41659426689148
0.0,4.0563,71.71830487251282,charging
73.02015113830566,0.0,4.0565,charging
0.0,74.32219314575195,4.0568,charging
0.0,4.0569,75.62386584281921,charging
76.92547655105591,0.0,4.0572,charging
0.0,4.0574,78.22810173034668,charging
0.0,79.52988290786743,4.0577,charging
0.0,80.83170962333679,4.0579,charging
0.0,82.13415241241455,4.0582,charging
0.0,83.43586730957031,4.0583,charging
0.0,84.73748517036438,4.0585,charging
0.0,86.03920769691467,4.0588,charging
0.0,87.3414568901062,4.059,charging
0.0,4.0591,88.64655923843384,charging
0.0,89.94879651069641,4.0593,charging
0.0,91.25058269500732,4.0596,charging
0.0,92.55304646492004,4.0599,charging
0.0,charging,4.0601,93.85458874702454
0.0,4.0602,charging,95.15655851364136
0.0,charging,4.0604,96.45856714248657
0.0,4.0605,97.76008343696594,charging
0.0,4.0608,99.06197571754456,charging
0.0,4.061,charging,100.36379361152649
0.0,4.0612,101.665860414505,charging
0.0,102.96783542633057,4.0613,charging
0.0,4.0615,charging,104.2696623802185
0.0,4.0618,105.57143473625183,charging
0.0,106.87314486503601,4.0619,charging
0.0,108.17496681213379,4.0621,charging
109.4765555858612,0.0,4.0622,charging
0.0,110.77820038795471,4.0624,charging
0.0,112.0798990726471,4.0626,charging
0.0,113.38192343711853,4.0627,charging
114.68359637260437,0.0,4.0629,charging
0.0,4.063,115.98535394668579,charging
0.0,117.28698062896729,4.0632,charging
0.0,4.0633,charging,118.58885622024536
0.0,4.0635,charging,119.89080882072449
0.0,121.19308161735535,4.0635,charging
0.0,4.0637,122.4946711063385,charging
0.0,123.79635977745056,4.064,charging
0.0,125.09795188903809,4.0641,charging
0.0,4.0641,126.39964151382446,charging
0.0,4.0643,charging,127.70278906822205
0.0,129.00483012199402,4.0644,charging
0.0,4.0646,charging,130.30651831626892
0.0,4.0647,charging,131.60854697227478
132.9105191230774,0.0,4.0649,charging
0.0,134.21209263801575,4.0651,charging
0.0,4.0652,charging,135.51612782478333
0.0,charging,4.0654,136.81811380386353
0.0,138.120432138443,4.0655,charging
0.0,4.0657,139.42211818695068,charging
0.0,140.72396278381348,4.0658,charging
142.025808095932,0.0,4.066,charging
0.0,143.3284809589386,4.066,charging
0.0,144.63007426261902,4.0663,charging
0.0,145.93177914619446,4.0663,charging
147.2336711883545,0.0,4.0665,charging
0.0,148.53548192977905,4.0666,charging
0.0,149.83714842796326,4.0668,charging
0.0,151.14039850234985,4.0668,charging
0.0,152.4420268535614,4.0669,charging
0.0,4.0671,153.74393963813782,charging
155.0456748008728,0.0,4.0671,charging
0.0,4.0673,156.34727549552917,charging
157.64901089668274,0.0,4.0674,charging
0.0,158.95104146003723,4.0676,charging
0.0,160.252605676651,4.0677,charging
0.0,161.554682970047,4.0677,charging
162.856383562088,0.0,4.0679,charging
0.0,164.15848755836487,4.068,charging
0.0,charging,4.0682,165.46005988121033
0.0,166.76188325881958,4.0682,charging
0.0,168.06383728981018,4.0683,charging
169.36813139915466,0.0,4.0683,charging
0.0,4.0685,170.669682264328,charging
0.0,4.0685,171.97171831130981,charging
0.0,173.27420139312744,4.0687,charging
0.0,charging,4.0688,174.57636213302612
175.87809300422668,0.0,4.069,charging
0.0,177.18039798736572,4.069,charging
0.0,4.0691,charging,178.48304796218872
179.78496670722961,0.0,4.0691,charging
0.0,charging,4.0693,181.08680272102356
0.0,charging,4.0694,182.38839602470398
183.69016289710999,0.0,4.0694,charging
0.0,184.99231433868408,4.0696,charging
186.2951533794403,0.0,4.0696,charging
0.0,4.0698,charging,187.59805154800415
0.0,188.89975905418396,4.0698,charging
0.0,190.20164704322815,4.0699,charging
0.0,191.50315761566162,4.0699,charging
0.0,4.0701,192.80515027046204,charging
0.0,194.10731530189514,4.0702,charging
0.0,4.0702,195.41010093688965,charging
196.71203231811523,0.0,4.0704,charging
198.0137972831726,0.0,4.0704,charging
0.0,199.31552863121033,4.0704,charging
0.0,200.61717581748962,4.0705,charging
0.0,4.0707,201.91948652267456,charging
0.0,203.2213990688324,4.0707,charging
0.0,204.52307176589966,4.0708,charging
0.0,charging,4.0708,205.8246705532074
207.12621521949768,0.0,4.071,charging
208.42807173728943,0.0,4.071,charging
0.0,charging,4.0712,209.73048949241638
0.0,211.03258728981018,4.0712,charging
0.0,212.3353888988495,4.0713,charging
0.0,213.639062166214,4.0713,charging
0.0,214.9411907196045,4.0713,charging
0.0,216.2428834438324,4.0715,charging
0.0,217.54457259178162,4.0715,charging
218.84668469429016,0.0,4.0716,charging
220.14989233016968,0.0,4.0716,charging
0.0,221.45228576660156,4.0716,charging
0.0,222.75402426719666,4.0718,charging
0.0,224.05568885803223,4.0718,charging
0.0,225.3574252128601,4.0718,charging
0.0,226.65952563285828,4.0719,charging
0.0,227.9613437652588,4.0719,charging
229.263117313385,0.0,4.0721,charging
230.56511735916138,0.0,4.0726,charging
0.0,4.0726,charging,231.86681580543518
233.16831421852112,0.0,4.0723,charging
0.0,234.46991753578186,4.0727,charging
0.0,4.0724,235.77166962623596,charging
0.0,237.0735640525818,4.0724,charging
0.0,238.37527894973755,4.0726,charging
0.0,charging,4.0726,239.67722630500793
0.0,240.9792284965515,4.0726,charging
0.0,242.28121757507324,4.0726,charging
0.0,charging,4.0727,243.5830020904541
244.88468170166016,0.0,4.0727,charging
0.0,4.0727,charging,246.18630409240723
0.0,247.48933219909668,4.0729,charging
0.0,248.7911262512207,4.0729,charging
0.0,4.073,250.09297633171082,charging
251.3949522972107,0.0,4.073,charging
0.0,charging,4.073,252.69746279716492
253.99967432022095,0.0,4.0732,charging
0.0,4.0732,charging,255.30151915550232
0.0,256.6032283306122,4.0732,charging
0.0,charging,4.0732,257.9048776626587
0.0,4.0733,259.206595659256,charging
0.0,260.50865483283997,4.0733,charging
261.8112328052521,0.0,4.0733,charging
263.11308336257935,0.0,4.0733,charging
0.0,264.41502237319946,4.0735,charging
0.0,4.0735,265.71727085113525,charging
0.0,charging,4.0737,267.01902318000793
0.0,charging,4.0737,268.32067918777466
0.0,charging,4.0737,269.6225061416626
0.0,4.0737,charging,270.92439556121826
0.0,charging,4.0737,272.2264132499695
0.0,273.5281047821045,4.0738,charging
0.0,274.82988238334656,4.0738,charging
0.0,276.13167929649353,4.0738,charging
0.0,277.43365001678467,4.074,charging
0.0,278.73527216911316,4.074,charging
0.0,280.036883354187,4.074,charging
0.0,281.338671207428,4.0741,charging
0.0,charging,4.0741,282.6404273509979
0.0,283.94226694107056,4.0741,charging
0.0,285.2438826560974,4.0741,charging
0.0,4.0741,286.5456635951996,charging
0.0,287.84741711616516,4.0743,charging
0.0,289.14904522895813,4.0743,charging
0.0,charging,4.0743,290.45068764686584
0.0,291.7523396015167,4.0744,charging
0.0,charging,4.0744,293.05397844314575
0.0,4.0744,charging,294.3560678958893
295.6579830646515,0.0,4.0744,charging
0.0,296.95994091033936,4.0744,charging
0.0,4.0746,charging,298.2623863220215
0.0,299.5639913082123,4.0746,charging
0.0,300.86578392982483,4.0746,charging
0.0,302.16780829429626,4.0748,charging
0.0,4.0748,charging,303.46957063674927
0.0,4.0748,charging,304.77129006385803
0.0,306.0730724334717,4.0748,charging
0.0,307.3749318122864,4.0748,charging
0.0,4.0749,charging,308.67651200294495
0.0,4.0749,309.9783971309662,charging
0.0,4.0749,311.2802288532257,charging
0.0,312.58192324638367,4.0749,charging
0.0,4.0751,charging,313.88389563560486
315.1886999607086,0.0,4.0751,charging
0.0,316.49058055877686,4.0751,charging
0.0,317.79212975502014,4.0751,charging
0.0,4.0751,charging,319.0938355922699
0.0,4.0752,charging,320.39569449424744
0.0,321.69757747650146,4.0752,charging
322.99953746795654,0.0,4.0754,charging
0.0,charging,4.0754,324.30132579803467
0.0,325.60321068763733,4.0754,charging
0.0,charging,4.0754,326.9048867225647
0.0,charging,4.0754,328.2065861225128
0.0,4.0754,329.5083348751068,charging
0.0,330.81027030944824,4.0755,charging
0.0,332.1118574142456,4.0755,charging
0.0,4.0755,333.4136872291565,charging
0.0,334.71559476852417,4.0757,charging
0.0,336.017215013504,4.0757,charging
0.0,4.0757,charging,337.3189969062805
0.0,4.0757,charging,338.62078070640564
0.0,339.92242097854614,4.0759,charging
0.0,341.22429895401,4.0759,charging
0.0,342.5261492729187,4.0757,charging
0.0,charging,4.0759,343.8283038139343
0.0,345.12996888160706,4.0759,charging
0.0,346.4315688610077,4.076,charging
0.0,charging,4.076,347.7332124710083
0.0,349.03478837013245,4.076,charging
0.0,4.076,350.3365828990936,charging
0.0,4.076,charging,351.63813734054565
0.0,4.0762,charging,352.93983793258667
0.0,4.0762,354.24175000190735,charging
0.0,4.0762,355.543270111084,charging
0.0,charging,4.0762,356.84493803977966
0.0,4.0763,358.1465096473694,charging
0.0,4.0763,359.4482526779175,charging
0.0,4.0763,charging,360.74993228912354
362.0514612197876,0.0,4.0763,charging
0.0,363.3532109260559,4.0763,charging
0.0,364.654833316803,4.0765,charging
0.0,365.9565312862396,4.0765,charging
0.0,367.25853848457336,4.0765,charging
368.5603232383728,0.0,4.0766,charging
0.0,369.8619911670685,4.0766,charging
0.0,4.0766,charging,371.16375756263733
0.0,4.0766,372.46599531173706,charging
0.0,373.7680130004883,4.0766,charging
0.0,4.0768,375.07034397125244,charging
0.0,4.0768,charging,376.37189412117004
0.0,377.67393469810486,4.0768,charging
0.0,charging,4.0768,378.9760763645172
0.0,4.0768,380.2776789665222,charging
0.0,381.5793640613556,4.0769,charging
0.0,382.88125586509705,4.0769,charging
0.0,384.1830587387085,4.0769,charging
0.0,charging,4.0771,385.48487854003906
0.0,386.78739404678345,4.0771,charging
0.0,charging,4.0771,388.0890610218048
0.0,389.39107370376587,4.0771,charging
0.0,4.0771,charging,390.69298815727234
0.0,391.994992017746,4.0771,charging
0.0,393.29666805267334,4.0773,charging
0.0,394.59867453575134,4.0773,charging
0.0,charging,4.0773,395.9005386829376
0.0,397.202112197876,4.0773,charging
0.0,398.5041992664337,4.0774,charging
0.0,399.8066518306732,4.0774,charging
0.0,401.1082808971405,4.0774,charging
0.0,4.0776,charging,402.41029691696167
0.0,charging,4.0776,403.7126636505127
0.0,405.014835357666,4.0776,charging
0.0,406.3167908191681,4.0776,charging
0.0,4.0777,charging,407.61841106414795
0.0,408.9204363822937,4.0777,charging
0.0,410.2225544452667,4.0777,charging
411.5248248577118,0.0,4.0777,charging
0.0,412.82726645469666,4.0779,charging
0.0,414.1289687156677,4.0779,charging
0.0,415.43106865882874,4.0779,charging
0.0,416.73287892341614,4.0779,charging
0.0,418.0347328186035,4.0779,charging
0.0,419.33684968948364,4.078,charging
0.0,420.63867449760437,4.078,charging
0.0,421.94070839881897,4.078,charging
0.0,4.078,423.24245405197144,charging
424.5443069934845,0.0,4.078,charging
0.0,425.84669637680054,4.0782,charging
0.0,4.0782,427.14850330352783,charging
0.0,428.45033836364746,4.0782,charging
0.0,charging,4.0782,429.75241231918335
0.0,431.0544013977051,4.0784,charging
0.0,432.355943441391,4.0784,charging
0.0,4.0784,charging,433.6573836803436
0.0,charging,4.0784,434.9589591026306
0.0,436.2610068321228,4.0784,charging
0.0,437.5626735687256,4.0785,charging
0.0,438.8641800880432,4.0785,charging
0.0,4.0785,440.16585183143616,charging
0.0,4.0785,charging,441.4674434661865
0.0,442.76907205581665,4.0785,charging
0.0,4.0787,444.07079911231995,charging
445.3724720478058,0.0,4.0787,charging
0.0,446.6742446422577,4.0787,charging
0.0,charging,4.0788,447.97624039649963
0.0,4.0787,charging,449.27787733078003
0.0,450.58023738861084,4.0788,charging
451.88349747657776,0.0,4.0788,charging
0.0,4.079,453.18519401550293,charging
454.486852645874,0.0,4.079,charging
0.0,455.7887613773346,4.079,charging
0.0,4.079,charging,457.09167289733887
0.0,458.3939697742462,4.0791,charging
0.0,459.69638657569885,4.0791,charging
0.0,460.99853587150574,4.0791,charging
0.0,4.0791,462.30022287368774,charging
0.0,463.60181188583374,4.0791,charging
0.0,4.0793,charging,464.90345072746277
0.0,466.2055404186249,4.0793,charging
0.0,467.507474899292,4.0793,charging
0.0,4.0793,charging,468.80928111076355
0.0,4.0794,charging,470.11116075515747
0.0,4.0794,charging,471.41290855407715
0.0,4.0794,472.71478056907654,charging
0.0,474.01686453819275,4.0794,charging
0.0,charging,4.0794,475.3186762332916
0.0,charging,4.0794,476.62043833732605
0.0,477.9221408367157,4.0794,charging
0.0,479.2236821651459,4.0796,charging
0.0,480.52567648887634,4.0796,charging
0.0,charging,4.0796,481.8272933959961
483.12931990623474,0.0,4.0798,charging
0.0,charging,4.0798,484.43108081817627
0.0,485.733341217041,4.0798,charging
0.0,4.0798,charging,487.03527331352234
0.0,charging,4.0798,488.337441444397
0.0,489.6399574279785,4.0799,charging
0.0,4.0799,charging,490.941611289978
0.0,4.0799,492.24316358566284,charging
0.0,493.5447726249695,4.0799,charging
0.0,494.84661507606506,4.0801,charging
0.0,496.14832186698914,4.0801,charging
0.0,4.0801,charging,497.44994831085205
0.0,charging,4.0801,498.75161600112915
500.05408787727356,0.0,4.0802,charging
0.0,charging,4.0802,501.357008934021
0.0,502.6589562892914,4.0802,charging
0.0,503.9606750011444,4.0802,charging
0.0,505.262642621994,4.0802,charging
0.0,506.5644705295563,4.0802,charging
0.0,507.8662660121918,4.0804,charging
0.0,509.1679997444153,4.0804,charging
0.0,4.0804,charging,510.4701762199402
0.0,charging,4.0804,511.77236819267273
0.0,513.0746655464172,4.0804,charging
0.0,514.3765442371368,4.0804,charging
0.0,515.6798102855682,4.0805,charging
0.0,516.9819734096527,4.0805,charging
0.0,charging,4.0805,518.2839248180389
0.0,519.5857884883881,4.0807,charging
0.0,520.8876731395721,4.0807,charging
0.0,522.1892991065979,4.0807,charging
0.0,charging,4.0807,523.4913837909698
524.792961359024,0.0,4.0809,charging
0.0,charging,4.0809,526.0948266983032
0.0,charging,4.0809,527.3966455459595
0.0,4.081,charging,528.698424577713
0.0,529.999963760376,4.0809,charging
531.3017687797546,0.0,4.081,charging
0.0,532.6036648750305,4.081,charging
0.0,533.906364440918,4.081,charging
0.0,535.2083067893982,4.081,charging
0.0,4.081,536.5100646018982,charging
0.0,4.0812,charging,537.812070608139
539.1139240264893,0.0,4.0812,charging
540.4159255027771,0.0,4.0812,charging
0.0,541.717978477478,4.0812,charging
0.0,543.0222368240356,4.0813,charging
0.0,4.0813,544.3240652084351,charging
0.0,4.0813,charging,545.6259889602661
0.0,546.9278285503387,4.0813,charging
548.2297840118408,0.0,4.0813,charging
0.0,charging,4.0815,549.5313394069672
0.0,550.8331921100616,4.0815,charging
0.0,552.136162519455,4.0815,charging
0.0,553.4379327297211,4.0815,charging
0.0,4.0815,charging,554.7395360469818
556.0412864685059,0.0,4.0816,charging
557.343433380127,0.0,4.0816,charging
0.0,558.6452724933624,4.0816,charging
0.0,4.0818,559.9468896389008,charging
0.0,4.0818,charging,561.2492368221283
0.0,4.0818,charging,562.5513300895691
0.0,4.0818,charging,563.8531739711761
0.0,565.1550526618958,4.0818,charging
0.0,566.4570257663727,4.082,charging
0.0,567.7590911388397,4.082,charging
0.0,4.082,charging,569.0611600875854
0.0,4.082,charging,570.3630223274231
0.0,4.0824,571.6648483276367,charging
0.0,572.9666821956635,4.0824,charging
0.0,574.268595457077,4.0823,charging
575.5726919174194,0.0,4.0824,charging
0.0,4.0824,charging,576.8756892681122
0.0,578.1773474216461,4.0824,charging
0.0,4.0824,charging,579.4825489521027
0.0,580.7842495441437,4.0824,charging
0.0,582.0877101421356,4.0824,charging
0.0,583.3906440734863,4.0826,charging
0.0,584.6930832862854,4.0826,charging
585.9948315620422,0.0,4.0826,charging
0.0,charging,4.0826,587.2976980209351
0.0,4.0826,charging,588.5998215675354
0.0,589.9016835689545,4.0827,charging
0.0,591.2036182880402,4.0827,charging
0.0,592.5055575370789,4.0827,charging
593.8075280189514,0.0,4.0827,charging
0.0,595.1096711158752,4.0827,charging
596.4143967628479,0.0,4.0829,charging
597.7167358398438,0.0,4.0829,charging
0.0,599.0184352397919,4.0829,charging
0.0,charging,4.0829,600.3200509548187
0.0,601.6216492652893,4.083,charging
0.0,602.9236092567444,4.083,charging
0.0,604.2253987789154,4.083,charging
0.0,605.5270144939423,4.083,charging
0.0,4.083,charging,606.8286168575287
0.0,608.13041639328,4.0832,charging
0.0,609.4323136806488,4.0832,charging
0.0,4.0832,charging,610.7340061664581
0.0,612.0369138717651,4.0832,charging
0.0,613.3385844230652,4.0832,charging
0.0,614.6401610374451,4.0834,charging
615.9419596195221,0.0,4.0834,charging
0.0,617.2435266971588,4.0834,charging
0.0,618.5453321933746,4.0834,charging
0.0,619.8469595909119,4.0834,charging
0.0,621.1488125324249,4.0835,charging
0.0,622.4504470825195,4.0835,charging
0.0,623.7521839141846,4.0835,charging
0.0,4.0835,625.0540206432343,charging
0.0,626.3565833568573,4.0837,charging
0.0,charging,4.0837,627.6587269306183
628.9606053829193,0.0,4.0835,charging
0.0,4.0837,630.2626819610596,charging
0.0,631.5643873214722,4.0837,charging
0.0,632.8670053482056,4.0838,charging
0.0,634.1690328121185,4.0838,charging
0.0,4.0838,635.4721465110779,charging
0.0,charging,4.0838,636.7766811847687
0.0,4.084,charging,638.0846712589264
0.0,639.3864333629608,4.084,charging
0.0,640.6879694461823,4.084,charging
0.0,641.9898250102997,4.084,charging
0.0,643.2918355464935,4.084,charging
0.0,644.5937337875366,4.0841,charging
0.0,645.8958814144135,4.0841,charging
0.0,647.197595834732,4.0841,charging
0.0,4.0841,648.4995205402374,charging
649.8013076782227,0.0,4.0841,charging
651.1041555404663,0.0,4.0841,charging
0.0,4.0843,charging,652.4059035778046
0.0,653.7080063819885,4.0843,charging
0.0,4.0843,655.0112192630768,charging
0.0,656.3132631778717,4.0845,charging
657.6150441169739,0.0,4.0845,charging
0.0,4.0845,658.9168963432312,charging
0.0,660.2185230255127,4.0845,charging
0.0,661.5215930938721,4.0845,charging
0.0,662.8232758045197,4.0845,charging
0.0,664.1249032020569,4.0845,charging
0.0,665.4267680644989,4.0846,charging
0.0,666.7302067279816,4.0846,charging
668.0332102775574,0.0,4.0846,charging
0.0,669.3349487781525,4.0846,charging
0.0,charging,4.0848,670.6365895271301
0.0,4.0848,671.9382691383362,charging
0.0,673.239951133728,4.0848,charging
0.0,4.0848,674.5415709018707,charging
675.8433973789215,0.0,4.0848,charging
0.0,677.145162820816,4.0849,charging
0.0,4.0849,678.4469380378723,charging
0.0,679.7493188381195,4.0849,charging
0.0,681.0514807701111,4.0849,charging
0.0,682.3539879322052,4.0849,charging
0.0,683.6556680202484,4.0849,charging
0.0,684.9575886726379,4.0851,charging
0.0,4.0851,686.2601797580719,charging
687.5620124340057,0.0,4.0851,charging
0.0,688.8639018535614,4.0852,charging
0.0,690.165641784668,4.0852,charging
